max_data = [3.0937, 3.09858, 3.1018, 3.10261, 3.101, 3.10261, 3.101, 3.10261, 3.09858, 3.09858, 3.10341, 3.10341, 3.10664, 3.10744, 3.10744, 3.10503, 3.10744, 3.10825, 3.10583, 3.10986, 3.10744, 3.11228, 3.11147, 3.11228, 3.10664, 3.10905, 3.10744, 3.11147, 3.10583, 3.11147, 3.11389, 3.11389, 3.1155, 3.1155, 3.11792, 3.11228, 3.11147, 3.11389, 3.11469, 3.1155, 3.1163, 3.1163, 3.1155, 3.11228, 3.11872, 3.11792, 3.11389, 3.11711, 3.11228, 3.11711, 3.11469, 3.11711, 3.11228, 3.11711, 3.1163, 3.12114, 3.12033, 3.11711, 3.11872, 3.12033, 3.11872, 3.11792, 3.11711, 3.11711, 3.12033, 3.15256, 3.15659, 3.16465, 3.15337, 3.16626, 3.16384, 3.16384]
min_data = [0.0225589, 0.0233646, 0.0233646, 0.0193362, 0.0241703, 0.0217533, 0.0281987, 0.0136965, 0.0225589, 0.0209476, 0.0209476, 0.0177249, 0.0201419, 0.0201419, 0.0225589, 0.0225589, 0.0177249, 0.0193362, 0.0201419, 0.0193362, 0.0265873, 0.0112795, 0.0209476, 0.0209476, 0.0201419, 0.0201419, 0.0177249, 0.0201419, 0.0177249, 0.0177249, 0.0193362, 0.0193362, 0.0169192, 0.0177249, 0.0201419, 0.0153078, 0.0161135, 0.0177249, 0.0201419, 0.0161135, 0.0161135, 0.0217533, 0.0201419, 0.0153078, 0.0209476, 0.0217533, 0.0193362, 0.0193362, 0.0193362, 0.0128908, 0.0201419, 0.0177249, 0.0177249, 0.0209476, 0.0177249, 0.00966811, 0.0169192, 0.0201419, 0.0169192, 0.0169192, 0.0169192, 0.0136965, 0.0153078, 0.0145022, 0.0201419, 0.0225589, 0.0217533, 0.0257816, 0.0217533, 0.0169192]